time[ms],R1[ohm]
2,11608.85
1004,11608.85
2008,11472.71
3010,11654.62
4014,12562.92
5017,14932.46
6020,16835.73
7023,17939.83
8026,18647.34
9029,19477.00
10032,20910.00
11035,22699.51
12038,24127.30
13041,24829.45
14044,25812.13
15047,26066.57
16051,26852.19
17053,27395.34
18057,26852.19
19059,27672.99
20063,27954.81
21065,28240.91
22069,28531.38
23071,28240.91
24075,28975.49
25078,29430.00
26081,28975.49
27084,29430.00
28087,29277.31
29090,29430.00
30093,29895.30
31096,29583.88
32099,29895.30
33102,29738.98
34106,29738.98
35108,29583.88
36112,29895.30
37114,30211.67
38118,29895.29
39120,29895.30
40124,29738.97
41127,30211.67
42130,30211.67
43133,30052.86
44136,30052.85
45139,29583.88
46142,30052.86
47145,30211.67
48148,29738.98
49152,30211.67
50155,30211.68
51158,30859.79
52161,30371.76
53164,30371.76
54167,30533.14
55170,30859.80
56173,30371.76
57177,30371.76
58179,31191.79
59183,30052.86
60185,30533.13
61189,29895.30
62191,30859.80
63195,30371.76
64197,30695.81
65201,31359.84
66204,30695.80
67207,30695.80
68210,30211.67
69213,30211.67
70216,30533.13
71219,30052.85
72222,29738.98
73226,30859.80
74228,30533.14
75232,30695.80
76234,30695.81
77238,30695.80
78240,30695.81
79244,30695.80
80247,31191.79
81250,30052.86
82253,30533.14
83256,30859.79
84259,30371.76
85262,30211.67
86265,30533.14
87269,30371.76
88271,30533.14
89275,30695.80
90277,29895.30
91281,30533.14
92283,30695.81
93287,30533.14
94289,30533.13
95293,30695.81
96296,30052.86
97299,30371.76
98302,30052.86
99305,30533.14
100308,30533.13
101311,30859.80
102315,30695.80
103318,30371.76
104321,30695.80
105324,30859.80
106327,29895.30
107330,30371.76
108334,30533.14
109336,30533.13
110340,30533.13
111343,30371.76
112346,29895.30
113349,30695.81
114352,30695.80
115355,30371.76
116359,30695.81
117361,30533.13
118365,30695.80
119367,30859.80
120371,30533.14
121374,30052.86
122377,29738.98
123380,30695.80
124383,30533.14
125386,30533.14
126390,30533.13
127392,30533.14
128396,31191.80
129398,30211.67
130402,30533.13
131405,30859.80
132408,30533.13
133411,30695.81
134414,31191.79
135417,30695.80
136421,30695.80
137423,30533.13
138427,30533.14
139430,30695.80
140433,30533.14
141436,30695.81
142439,30533.14
143442,30371.76
144446,29895.30
145448,30533.14
146452,30533.14
147454,30695.80
148458,31191.79
149462,31359.84
150464,30533.13
151468,30533.13
152470,30533.14
153474,30052.86
154477,29895.30
155480,30533.14
156483,30533.13
157487,30533.13
158489,30695.80
159493,31529.25
160495,30695.80
161499,30533.13
162502,30371.76
163505,30695.80
164508,31025.13
165511,30695.81
166514,30859.79
167518,30211.67
168520,30052.86
169524,30533.13
170526,30533.13
171530,30533.13
172533,29895.30
173536,30533.14
174539,30533.13
175542,30533.14
176545,30859.80
177549,30533.13
178551,30533.13
179555,31025.13
180558,30533.14
181561,30371.76
182564,30695.80
183567,30533.14
184570,31359.84
185574,30695.81
186576,30371.76
187580,30533.14
188582,31025.13
189586,30533.14
190589,30533.13
191592,31700.09
192595,30533.13
193598,30371.76
194601,31191.79
195605,30533.14
196608,30533.14
197611,30695.80
198614,30695.81
199617,30533.13
200621,31025.13
201623,30533.14
202627,29895.30
203630,31025.12
204633,30695.80
205636,30695.80
206639,30533.14
207642,30533.14
208646,30371.76
209648,30533.13
210652,30695.80
211654,30533.14
212658,30371.76
213661,29895.29
214664,30533.13
215667,29895.30
216670,30533.14
217673,30533.13
218677,29895.30
219679,30533.13
220683,30371.76
221685,30533.14
222689,30533.14
223692,30371.76
224695,30211.67
225698,30533.13
226701,29738.98
227704,30695.80
228708,30695.80
229710,31359.83
230714,30533.13
231716,30533.14
232720,30859.80
233723,30211.67
234726,30695.80
235729,31359.84
236733,30533.14
237735,30371.76
238739,30533.13
239741,31191.79
240745,30533.13
241748,30371.76
242751,30052.86
243755,30533.13
244757,30533.14
245761,29738.98
246764,30533.14
247767,30371.76
248770,30533.14
249773,30695.80
250776,30533.13
251780,30371.76
252782,29895.30
253786,30533.14
254788,30371.76
255792,30695.80
256795,30211.67
257798,30371.76
258801,30211.68
259805,31025.13
260807,29895.30
261811,30533.13
262813,30533.14
263817,30533.14
264820,30052.86
265823,30211.67
266826,30371.76
267829,30533.14
268832,30371.76
269836,29895.30
270838,30533.14
271842,30533.14
272844,30533.13
273848,30533.14
274851,29895.30
275854,31025.12
276857,30371.76
277860,30371.76
278863,30371.76
279867,30211.68
280869,30211.68
281873,31025.13
282876,30371.76
283879,30859.79
284882,30211.68
285885,31025.12
286888,30859.80
287892,30371.76
288894,30371.76
289898,30211.68
290900,29738.98
291904,30695.80
292908,30371.76
293910,30533.13
294914,30533.14
295916,30533.14
296920,30052.86
297923,30211.67
298926,30695.81
299929,30211.68
300932,30371.76
301935,30371.76
302939,30052.86
303941,29738.98
304945,29895.30
305948,30533.14
306951,30371.76
307954,30371.76
308957,30211.67
309960,30371.76
310964,30211.67
311966,29430.00
312970,30371.76
313972,30371.76
314976,30211.67
315979,30371.76
316982,30371.76
317985,29738.98
318988,29895.30
319991,30695.80
320995,30211.67
321997,30371.76
323001,30052.86
324003,31025.12
325007,29738.98
326010,30533.13
327013,30371.76
328016,30371.76
329020,30211.68
330022,30371.76
331026,30371.76
332028,30859.79
333032,30052.86
334035,30859.80
335038,30533.14
336041,30371.76
337044,30211.68
338048,30211.68
339051,31191.79
340054,30052.86
341057,30211.67
342060,30371.76
343063,30533.14
344067,29895.30
345069,30371.76
346073,30533.13
347075,30371.76
348079,29895.30
349082,30859.79
350085,30371.76
351088,30533.14
352092,29738.98
353094,30211.67
354098,30211.67
355100,30371.76
356104,30211.68
357107,30371.76
358110,30211.67
359113,30695.80
360116,30371.76
361119,30533.13
362123,29738.98
363125,30533.14
364129,30371.76
365131,30371.76
366135,30371.76
367138,30211.68
368141,30211.67
369144,30211.67
370147,30533.14
371150,30371.76
372154,30371.76
373156,30371.76
374160,30371.76
375162,29583.88
376166,30211.67
377169,30371.76
378172,30371.76
379175,30371.76
380179,31025.12
381181,30052.85
382185,30052.86
383187,30533.14
384191,30371.76
385195,30859.80
386197,30695.81
387201,30533.13
388203,30533.14
389207,30371.76
390210,30211.67
391213,30211.67
392216,30371.76
393219,29738.98
394222,30371.76
395226,30211.67
396228,30533.14
397232,30371.76
398234,30052.86
399238,30371.76
400241,30211.68
401244,30371.76
402247,30211.68
403251,30052.86
404253,30052.86
405257,30371.76
406259,30533.14
407263,30211.67
408266,30211.68
409269,31025.13
410272,30371.76
411275,29738.98
412278,30533.13
413282,30052.85
414284,29895.30
415288,30211.67
416290,30533.14
417294,29738.98
418297,30533.13
419300,30371.76
420303,29583.88
421306,30211.67
422309,30211.68
423313,29738.98
424315,30052.86
425319,30211.68
426322,30371.76
427325,30371.76
428328,30371.76
429331,30211.68
430334,29583.88
431338,30371.76
432340,30211.68
433344,30052.86
434347,29738.98
435350,30211.67
436354,30371.76
437356,30371.76
438360,29895.29
439362,30371.76
440366,30371.76
441369,30211.68
442372,31025.13
443375,30211.68
444378,30371.76
445381,30371.76
446385,30533.14
447387,30859.80
448391,30052.86
449393,30211.67
450397,30211.67
451400,30211.68
452403,30211.68
453406,30533.14
454410,29738.98
455412,29738.98
456416,30211.67
457418,30211.67
458422,30211.67
459425,30211.68
460428,29583.88
461431,29895.30
462434,30211.67
463437,30211.67
464441,30052.86
465443,30211.68
466447,30211.67
467449,30211.68
468453,30859.80
469456,30371.76
470459,30211.68
471462,30052.86
472465,30211.67
473468,30371.76
474472,30211.67
475474,30695.81
476478,29895.30
477481,31025.12
478484,30211.67
479488,30052.85
480490,30052.85
481494,30371.76
482497,30695.80
483500,29895.30
484503,30211.67
485506,30211.67
486509,30211.67
487513,29583.88
488515,29738.98
489519,30211.67
490521,30371.76
491525,30371.76
492528,29738.98
493531,30371.76
494534,30371.76
495537,30211.68
496540,29895.29
497544,29738.98
498546,29895.30
499550,30211.68
500552,30695.80
501556,30211.67
502559,30211.67
503562,29583.88
504565,30211.67
505569,30052.85
506571,30211.68
507575,29583.88
508577,30211.67
509581,30211.67
510584,30533.13
511587,29583.88
512590,30371.76
513593,30052.85
514596,29583.88
515600,30211.67
516602,30371.76
517606,30695.81
518608,30052.86
519612,30211.68
520615,29583.88
521618,30211.67
522621,30211.67
523624,30211.67
524627,30371.76
525631,30211.68
526633,30371.76
527637,30533.14
528640,30371.76
529643,30371.76
530647,30211.67
531649,30211.68
532653,30211.68
533655,30211.67
534659,30371.76
535662,30211.67
536665,30052.86
537668,30371.76
538672,30859.80
539674,30211.67
540678,30211.68
541680,29738.98
542684,30371.76
543687,30052.86
544690,29583.88
545693,30211.67
546696,30211.67
547699,30533.14
548703,30052.85
549705,30371.76
550709,31025.12
551711,30052.86
552715,30695.81
553718,30211.67
554721,30052.85
555724,30211.68
556727,30533.14
557730,30211.68
558734,30211.67
559736,29583.88
560740,30695.80
561743,29895.30
562746,30211.68
563749,30533.14
564752,30211.67
565755,30211.67
566759,30533.14
567761,30211.67
568765,30052.85
569767,30052.86
570771,30211.68
571774,30211.67
572777,30211.68
573780,29583.88
574783,30211.67
575787,30052.86
576790,30211.68
577793,30211.67
578796,30211.68
579799,29738.98
580802,30052.86
581806,30211.68
582808,29738.97
583812,30211.67
584815,30371.76
585818,30371.76
586821,30371.76
587824,30211.68
588827,30211.67
589831,29738.98
590833,30211.67
591837,29738.98
592839,30052.86
593843,30371.76
594846,30695.80
595849,30052.86
596852,29895.30
597855,30052.86
598858,30052.86
599862,29895.30
600864,30211.68
601868,30211.67
602870,30052.86
603874,30371.76
604877,30052.85
605880,29738.98
606883,30052.86
607886,30052.86
608889,30211.67
609893,30211.68
610895,30533.14
611899,30052.86
612902,30695.81
613905,30052.86
614908,30211.68
615911,29430.00
616914,30052.86
617918,29895.30
618920,30211.67
619924,30211.68
620926,29430.00
621930,30052.86
622934,31025.12
623936,30052.86
624940,30052.85
625942,30533.14
626946,30211.67
627949,29738.97
628952,30211.67
629955,30371.76
630958,29583.88
631961,30052.86
632965,30052.86
633967,30695.80
634971,30211.68
635973,29583.88
636977,30371.76
637980,30211.67
638983,29583.88
639986,30052.86
640990,30052.85
641992,30052.85
642996,30695.81
643998,30371.76
645002,30052.86
646005,29895.30
647008,30211.67
648011,30052.85
649014,30052.86
650017,30859.80
651021,29895.30
652023,30211.67
653027,30052.86
654029,30533.13
655033,30052.86
656036,30052.85
657039,30052.85
658042,30211.68
659045,30533.14
660048,30211.67
661052,30211.68
662054,30371.76
663058,30211.67
664060,29895.30
665064,30211.68
666067,29583.88
667070,30052.86
668073,30211.67
669077,30211.68
670080,30695.80
671083,30211.67
672086,30052.85
673089,30052.86
674093,30371.76
675095,30211.67
676099,30052.86
677101,30211.67
678105,29895.30
679108,30052.85
680111,29583.88
681114,30211.67
682117,30052.86
683120,30371.76
684124,30052.85
685126,30052.86
686130,30371.76
687132,30211.67
688136,30371.76
689139,30211.67
690142,30533.13
691145,30211.68
692148,30211.67
693151,30371.76
694155,30695.81
695157,30052.86
696161,30211.68
697163,30211.68
698167,30052.86
699170,29430.00
700173,30052.86
701176,30052.86
702180,30211.67
703182,30052.86
704186,30859.80
705188,30211.67
706192,30052.86
707195,30371.76
708198,30211.67
709201,29583.89
710204,30052.86
711207,29895.30
712211,29738.98
713213,30371.76
714217,29430.00
715219,30052.86
716223,30371.76
717227,29125.81
718229,30211.67
719233,30052.86
720235,29583.88
721239,30211.68
722242,30211.68
723245,29738.97
724248,30211.67
725251,30211.67
726254,29895.29
727258,30371.76
728260,30211.68
729264,30859.80
730267,30052.86
731270,30052.86
732273,31025.12
733276,30211.67
734279,29583.88
735283,30052.86
736285,30695.80
737289,30052.86
738291,30211.67
739295,30859.80
740298,29895.29
741301,30052.86
742304,29738.98
743307,29583.88
744310,29430.00
745314,29895.30
746316,30371.76
747320,29895.29
748322,29277.31
749326,30052.86
750329,29895.30
751332,30211.68
752335,30533.14
753338,29738.97
754341,30211.67
755345,30052.86
756347,30371.76
757351,29738.97
758354,30211.67
759357,30052.86
760360,30052.85
761363,30052.85
762366,29277.32
763370,29583.88
764372,29738.97
765376,30052.86
766379,29125.81
767382,30533.14
768386,30052.86
769388,29895.30
770392,30052.85
771394,29277.32
772398,30211.67
773401,30371.76
774404,30052.86
775407,29895.30
776410,30052.86
777413,30052.85
778417,29738.98
779419,30859.79
780423,29895.29
781425,30052.86
782429,30371.76
783432,30211.67
784435,30052.85
785438,29895.30
786442,30695.80
787444,29895.30
788448,30052.86
789450,29583.88
790454,29738.98
791457,29895.30
792460,29583.88
793463,30533.14
794466,30052.86
795469,29738.97
796473,29430.00
797475,29895.30
798479,30052.86
799481,30211.68
800485,30052.86
801488,30052.86
802491,30211.67
803494,29895.30
804497,29430.00
805500,30052.86
806504,29895.30
807506,30211.67
808510,29895.30
809512,29583.88
810516,29895.29
811520,29738.98
812522,30052.86
813526,30533.14
814528,29895.30
815532,30211.68
816535,30371.76
817538,29583.88
818541,29895.30
819545,30052.86
820547,29895.29
821551,30052.85
822553,30211.68
823557,30052.86
824560,30859.80
825563,29895.30
826566,30211.68
827569,30052.86
828572,29430.00
829576,30052.86
830578,29583.88
831582,30052.86
832584,30052.86
833588,30052.86
834591,30052.85
835594,30052.86
836597,30052.86
837600,29277.31
838603,30052.85
839607,29430.00
840609,30052.86
841613,30533.13
842615,29895.30
843619,29738.98
844622,29895.30
845625,30052.86
846628,29583.88
847631,29738.98
848634,29583.88
849638,29895.30
850640,30211.68
851644,29277.31
852647,29895.30
853650,30695.80
854653,30052.86
855656,30371.76
856659,30052.86
857663,29895.30
858665,29895.30
859669,30052.86
860672,29895.29
861675,29895.30
862679,29125.81
863681,30052.86
864685,29277.32
865687,29895.30
866691,30052.86
867694,30371.76
868697,30052.86
869700,30052.86
870703,29895.29
871706,29895.30
872710,29430.00
873712,30052.86
874716,30052.86
875718,29583.88
876722,30052.86
877725,29583.88
878728,30859.80
879731,29895.30
880735,29895.30
881737,29738.98
882741,29583.88
883743,30052.86
884747,29583.88
885750,30052.86
886753,30052.86
887756,30371.76
888759,29895.30
889762,29895.30
890766,29583.88
891768,30211.67
892772,29895.29
893774,30695.80
894778,29895.30
895781,29895.30
896784,29738.98
897787,30211.67
898790,30052.86
899793,29583.88
900797,30052.86
901799,30052.86
902803,29895.30
903805,30052.86
904809,29895.29
905812,30211.68
906815,30533.14
907819,29895.30
908822,29895.30
909825,29895.30
910828,30052.86
911831,30052.86
912834,30052.86
913838,30052.86
914840,29895.30
915844,29738.98
916846,30052.86
917850,29895.29
918853,30859.80
919856,30052.86
920859,29895.30
921862,29738.98
922865,30371.76
923869,29738.97
924871,30052.86
925875,30695.80
926877,29895.30
927881,30052.86
928884,29738.98
929887,30052.86
930890,30211.67
931894,30533.13
932896,29895.30
933900,29895.30
934902,30371.76
935906,29895.30
936909,29895.29
937912,30211.67
938915,30052.86
939918,29738.97
940921,29583.88
941925,29895.30
942927,30052.86
943931,29430.00
944933,29895.30
945937,30052.86
946940,30695.81
947943,29895.29
948946,29430.00
949949,29895.29
950952,29738.98
951956,29277.32
952958,29895.30
953962,30211.67
954966,30211.67
955968,29583.89
956972,29895.30
957974,29430.00
958978,30052.86
959981,30052.86
960984,30371.76
961987,29583.89
962990,29738.98
963993,29895.30
964997,30052.86
965999,29895.29
967003,29583.88
968005,29738.98
969009,29895.30
970012,30211.68
971015,29277.32
972018,29895.29
973021,30052.86
974024,29277.31
975028,29895.30
976030,30052.86
