time[ms],R1[ohm]
2,11517.90
1004,11472.71
2008,11427.72
3010,11700.58
4014,11517.90
5016,11563.28
6020,11563.28
7022,12027.91
8026,11700.58
9028,11563.28
10032,11563.28
11035,11293.87
12038,11700.58
13041,11654.62
14044,11563.28
15047,11472.71
16050,11839.66
17053,11427.72
18056,11382.91
19059,11249.62
20063,10690.90
21065,10774.92
22069,10321.14
23071,9925.64
24075,9810.00
25077,9036.98
26081,9215.45
27083,8966.52
28087,8655.88
29089,8966.52
30093,8792.67
31095,8355.35
32099,8257.34
33101,8096.31
34105,7875.63
35107,8160.37
36111,7782.72
37114,7844.55
38117,7721.31
39120,7569.65
40123,7751.96
41126,7569.65
42129,7509.72
43132,7450.21
44135,7303.19
45138,7332.39
46141,7361.69
47144,7361.69
48147,7158.65
49150,7187.36
50153,7303.18
51156,7158.65
52159,7303.19
53163,7101.52
54165,7101.52
55169,7101.52
56171,6849.10
57175,7016.53
58177,7101.52
59181,7187.36
60183,6960.35
61187,6849.10
62189,7245.08
63193,6932.40
64195,6794.03
65199,6988.39
66202,6849.10
67205,6876.78
68208,6960.35
69211,6794.03
70214,6821.52
71217,6766.63
72220,6739.33
73223,6766.63
74226,6684.98
75229,6684.98
76232,6739.32
77235,6577.34
78238,6739.33
79241,6657.93
80244,6794.03
81247,6630.98
82250,6657.93
83253,6550.65
84256,6604.12
85259,6684.98
86262,6794.03
87265,6630.98
88268,6604.12
89271,6577.34
90274,6604.12
91277,6712.11
92280,6524.05
93283,6550.65
94286,6577.34
95290,6577.34
96292,6577.34
97296,6630.98
98298,6444.76
99302,6497.53
100304,6444.76
101308,6630.98
102310,6444.76
103314,6524.05
104316,6577.34
105320,6739.33
106322,6497.53
107326,6497.53
108329,6684.98
109332,6497.53
110336,6497.53
111338,6630.98
112342,6418.50
113344,6340.23
114348,6497.53
115351,6524.05
116354,6657.93
117357,6444.76
118360,6471.10
119363,6471.10
120366,6444.76
121369,6444.76
122372,6497.53
123375,6418.50
124379,6418.50
125381,6340.22
126385,6392.32
127387,6418.50
128391,6262.70
129393,6471.10
130397,6418.50
131400,6288.46
132403,6418.50
133406,6366.23
134409,6237.03
135412,6392.32
136415,6392.32
137418,6577.34
138421,6444.76
139424,6392.32
140428,6314.30
141430,6262.70
142434,6392.32
143436,6366.23
144440,6340.22
145442,6471.10
146446,6340.22
147449,6418.50
148452,6418.50
149455,6497.53
150458,6366.23
151461,6392.32
152464,6366.23
153467,6444.76
154471,6314.30
155473,6340.22
156477,6314.30
157479,6497.53
158483,6211.43
159485,6314.30
160489,6314.30
161491,6262.70
162495,6288.46
163499,6314.30
164501,6340.22
165505,6444.76
166507,6237.03
167511,6340.22
168513,6340.22
169517,6340.23
170520,6211.44
171523,6524.05
172526,6314.30
173529,6288.46
174532,6314.30
175535,6237.03
176538,6550.65
177541,6262.70
178544,6314.30
179548,6160.49
180550,6135.14
181554,6109.87
182556,6288.46
183560,6288.46
184562,6288.46
185566,6262.70
186569,6418.50
187572,6160.49
188575,6314.30
189578,6314.30
190581,6366.23
191584,6444.76
192587,6366.23
193590,6237.03
194593,6109.87
195597,6185.92
196599,6237.03
197603,6314.30
198605,6262.70
199609,6262.70
200611,6444.76
201615,6160.49
202618,6237.03
203621,6237.03
204624,6392.32
205627,6262.70
206630,6160.49
207633,6160.49
208636,6084.68
209639,6211.44
210642,6185.92
211646,6135.14
212648,6262.70
213652,5984.72
214654,6262.70
215658,6237.03
216660,6288.46
217664,6262.70
218667,6237.03
219670,6211.44
220674,6340.23
221676,6444.76
222680,6211.44
223682,6185.92
224686,6418.50
225688,6059.57
226692,6185.92
227695,6160.49
228698,6185.92
229701,6366.23
230704,6185.92
231707,6211.44
232710,6262.70
233713,6211.44
234716,6237.03
235719,6084.68
236723,6185.92
237725,6211.44
238729,6034.54
239731,6009.59
240735,6185.92
241737,6211.44
242741,6160.49
243744,6366.23
244747,6340.22
245750,6185.92
246753,6185.92
247756,6160.49
248759,6059.57
249762,6211.44
250766,6237.03
251768,6237.03
252772,6185.92
253774,6160.49
254778,6135.14
255780,6288.46
256784,6211.43
257786,6160.49
258790,6185.92
259793,6288.46
260796,6084.68
261799,6160.49
262802,6135.14
263805,6185.92
264808,6160.49
265811,6160.49
266815,5959.92
267817,6084.68
268821,6185.92
269824,6084.68
270827,6185.92
271830,6185.92
272833,6185.92
273836,6034.54
274839,6109.87
275843,6009.59
276845,6185.92
277849,6135.14
278851,6009.59
279855,6009.59
280857,6160.49
281861,5959.92
282863,6034.54
283867,6211.44
284870,6185.92
285873,6262.70
286876,6135.14
287879,6160.49
288882,6084.68
289885,6160.49
290888,6211.44
291892,6084.68
292894,6084.68
293898,6160.49
294900,6059.57
295904,5984.72
296906,6160.49
297910,6160.49
298912,6034.54
299916,6135.14
300919,6109.87
301922,6034.54
302925,5984.72
303928,6135.14
304931,6160.49
305934,6288.46
306937,6185.92
307941,6109.87
308943,5984.72
309947,6109.87
310949,6135.14
311953,5984.72
312955,6135.14
313959,6109.87
314962,6288.46
315965,6109.87
316968,6109.87
317971,6084.68
318974,6084.68
319977,6135.14
320980,6262.70
321983,6084.68
322987,6109.87
323990,6084.68
324993,6084.68
325996,6211.44
326999,6084.68
328002,6237.03
329005,6084.68
330008,6109.87
331012,6084.68
332014,6109.87
333018,6160.49
334020,6059.57
335024,6211.43
336026,6160.49
337030,6109.87
338032,6009.59
339036,6059.57
340039,6109.87
341042,6109.87
342045,6262.70
343048,6084.68
344051,6109.87
345054,6034.54
346057,6084.68
347061,6084.68
348063,6034.54
349067,6237.03
350069,6084.68
351073,6084.68
352075,6135.14
353079,6109.87
354081,6084.68
355085,6262.70
356088,6109.87
357091,6135.14
358094,6262.70
359097,6135.14
360100,5984.72
361103,6084.68
362106,6034.54
363110,6135.14
364112,6059.57
365116,6034.54
366118,6084.68
367122,6059.57
368124,6185.92
369128,6135.14
370130,6084.68
371134,6237.03
372137,6262.70
373140,6034.54
374144,6109.87
375146,5959.92
376150,6109.87
377152,6084.68
378156,6059.57
379159,6262.70
380162,6109.87
381165,6059.57
382168,6109.87
383171,6185.92
384174,6059.57
385177,6084.68
386181,5837.10
387183,6109.87
388187,6109.87
389189,6109.87
390193,6135.14
391195,5959.92
392199,6059.57
393201,6109.87
394205,6160.49
395208,6009.59
396211,6034.54
397214,6084.68
398217,6262.70
399220,5935.20
400223,6059.57
401226,6084.68
402230,6034.54
403232,6109.87
404236,6034.54
405238,6084.68
406242,5984.72
407244,6059.57
408248,6059.57
409250,6135.14
410254,6211.44
411257,6135.14
412260,6059.57
413263,6084.68
414266,5935.20
415269,6009.59
416272,6059.57
417275,6034.54
418279,6135.14
419281,5935.20
420285,5935.20
421287,6034.54
422291,6034.54
423293,5959.92
424297,6135.14
425300,6109.87
426303,6034.54
427307,6059.57
428309,6211.43
429313,6185.92
430315,6034.54
431319,6059.57
432321,6059.57
433325,6211.43
434328,6059.57
435331,6034.54
436334,5910.56
437337,5861.51
438340,6009.59
439343,6084.68
440346,6288.46
441350,6135.14
442352,6059.57
443356,5910.56
444358,6160.49
445362,6009.59
446364,6034.54
447368,6185.92
448370,6059.57
449374,6059.57
450377,6109.87
451380,6034.54
452383,5910.56
453386,6084.68
454389,6059.57
455392,6034.54
456395,5959.92
457399,6009.59
458401,6034.54
459405,6211.44
460407,5984.72
461411,6059.57
462413,6185.92
463417,6009.59
464419,6059.57
465423,6034.54
466426,5812.77
467429,6059.57
468432,6059.57
469435,5886.00
470438,5984.72
471441,6034.54
472444,6009.59
473448,6160.49
474450,6059.57
475454,6034.54
476456,6135.14
477460,6262.70
478462,6059.57
479466,6009.59
480468,5959.92
481472,6009.59
482476,6034.54
483478,6109.87
484482,5984.72
485484,6009.59
486488,6034.54
487490,6160.49
488494,6059.57
489497,6059.57
490500,6084.68
491503,6009.59
492506,6009.59
493509,6034.54
494512,6009.59
495515,6059.57
496518,6009.59
497521,6034.54
498525,5959.92
499527,6009.59
500531,6009.59
501533,5959.92
502537,6009.59
503539,6109.87
504543,6262.70
505546,6009.59
506549,5935.20
507552,6084.68
508555,5984.72
509558,6084.68
510561,6034.54
511564,6009.59
512568,6009.59
513570,6160.49
514574,6009.59
515576,6034.54
516580,6160.49
517582,6009.59
518586,5910.56
519588,5910.56
520592,6084.68
521595,6034.54
522598,5910.56
523601,5959.92
524604,5984.72
525607,6009.59
526610,6059.57
527613,6009.59
528617,6034.54
529619,6009.59
530623,6009.59
531625,6109.87
532629,5984.72
533632,6034.54
534635,6135.14
535639,6160.49
536641,5935.20
537645,5959.92
538647,5984.72
539651,6009.59
540653,6009.59
541657,6009.59
542659,6009.59
543663,6009.59
544666,5788.51
545669,5837.10
546672,6059.57
547675,6034.54
548678,6059.57
549681,5984.72
550684,6109.87
551688,5886.00
552690,6084.68
553694,6009.59
554696,6009.59
555700,6135.14
556702,6034.54
557706,5984.72
558708,5959.92
559712,6135.14
560715,6034.54
561718,6009.59
562721,5910.56
563724,5959.92
564727,6084.68
565730,5984.72
566733,6109.87
567737,5984.72
568739,5959.92
569743,6009.59
570745,5812.77
571749,5935.20
572751,6059.57
573755,6009.59
574758,5837.10
575761,6109.87
576764,5959.92
577767,6009.59
578770,5910.56
579773,5861.51
580776,5959.92
581779,6034.54
582782,5959.92
583786,5935.20
584788,5959.92
585792,6009.59
586795,5984.72
587798,6160.49
588801,6034.54
589804,5984.72
590808,5984.72
591810,6009.59
592814,5984.72
593816,5984.72
594820,5886.00
595822,6059.57
596826,5984.72
597828,5959.92
598832,5837.10
599835,6059.57
600838,6034.54
601841,5959.92
602844,5812.77
603847,5959.92
604850,5984.72
605853,5959.92
606857,6084.68
607859,6009.59
608863,6009.59
609865,6084.68
610869,5935.20
611871,5959.92
612875,5837.10
613878,6135.14
614881,6009.59
615884,6009.59
616887,5984.72
617890,5984.72
618893,5959.92
619896,6034.54
620899,6059.57
621902,5984.72
622906,5959.92
623908,6135.14
624912,6084.68
625914,5984.72
626918,6009.59
627920,6059.57
628924,5984.72
629927,5984.72
630930,6009.59
631933,5984.72
632936,6135.14
633939,5959.92
634942,6009.59
635945,6059.57
636949,6034.54
637952,6009.59
638955,6059.57
639958,5959.92
640961,6059.57
641964,5984.72
642967,6009.59
643970,5910.56
644973,6009.59
645977,5984.72
646979,5984.72
647983,5959.92
648985,6009.59
649989,5959.92
650991,6084.68
651995,5959.92
652998,5861.51
654001,5959.92
655004,5984.72
656007,5812.77
657010,5984.72
658013,5959.92
659016,6009.59
660019,5886.00
661022,5959.92
662026,5959.92
663028,6034.54
664032,6135.14
665034,5886.00
666038,5910.56
667040,6059.57
668044,5812.77
669047,5984.72
670050,6009.59
671053,6135.14
672056,5959.92
673059,5959.92
674062,5984.72
675065,5861.51
676068,5910.56
677071,5959.92
678075,5740.22
679077,5959.92
680081,6009.59
681083,5861.51
682087,5910.56
683089,5984.72
684093,6009.59
685096,6109.87
686099,5935.20
687102,5984.72
688105,5861.51
689108,5984.72
690111,5959.92
691115,5788.51
692117,5959.92
693121,5910.56
694124,6185.92
695127,5984.72
696130,5935.20
697133,6034.54
698136,5984.72
699139,5886.00
700142,5959.92
701146,5935.20
702148,5910.56
703152,5984.72
704154,5984.72
705158,6185.92
706160,5959.92
707164,6009.59
708167,5788.51
709170,5886.00
710173,5984.72
711176,6059.57
712179,5984.72
713182,5984.72
714185,6034.54
715188,5959.92
716191,5959.92
717195,6034.54
718197,5984.72
719201,5984.72
720203,6109.87
721207,5837.10
722209,6009.59
723213,5959.92
724216,6135.14
725219,6009.59
726222,5959.92
727225,5861.51
728228,5764.33
729231,5935.20
730234,5959.92
731238,6084.68
732240,6135.14
733244,5984.72
734246,5910.56
735250,5788.51
736252,6009.59
737256,6009.59
738258,5935.20
739262,5984.72
740265,5935.20
741268,5910.56
742272,5959.92
743274,5935.20
744278,5910.56
745280,5935.20
746284,5984.72
747287,5959.92
748290,5788.51
749293,5984.72
750296,5910.56
751299,5959.92
752302,5984.72
753305,5788.51
754309,6059.57
755311,5935.20
756315,5935.20
757317,5959.92
758321,6084.68
759323,5837.10
760327,5935.20
761329,5984.72
762333,5959.92
763336,5886.00
764339,6109.87
765342,6009.59
766345,6034.54
767348,6059.57
768351,6135.14
769354,6135.14
770358,6185.92
771360,6237.03
772364,6288.46
773366,6211.44
774370,6262.70
775372,6262.70
776376,6211.43
777378,6340.22
778382,6340.22
779385,6288.46
780388,6392.32
781391,6418.50
782394,6471.10
783397,6366.23
784400,6444.76
785403,6524.05
786407,6444.76
787409,6524.05
788413,6524.05
789415,6577.34
790419,6497.53
791421,6604.12
792425,6604.12
793427,6630.98
794431,6604.12
795435,6684.97
796437,6684.97
797441,6739.33
798443,6766.63
799447,6766.63
800449,6821.52
801453,6766.63
802456,6821.52
803459,6821.52
804462,6849.10
805465,6876.78
