0,4496
1002,4478
2004,4460
3007,4442
4009,4532
5012,4532
6014,4514
7017,4496
8019,4496
9022,4496
10024,4478
11027,4460
12029,4442
13033,4478
14035,4532
15038,4532
16040,4532
17043,4514
18045,4496
19048,4496
20050,4496
21053,4496
22056,4478
23059,4478
24061,4460
25064,4442
26066,4425
27069,4442
28071,4550
29074,4550
30076,4532
31080,4514
32082,4496
33085,4496
34087,4496
35090,4478
36092,4478
37095,4478
38097,4460
39101,4460
40103,4460
41106,4532
42108,4532
43111,4532
44113,4514
45116,4496
46118,4496
47121,4478
48124,4496
49127,4478
50129,4373
51132,4496
52134,4460
53137,4442
54139,4532
55142,4532
56144,4569
57148,4496
58150,4496
59153,4496
60155,4496
61158,4478
62160,4460
63163,4460
64165,4425
65169,4514
66171,4532
67174,4532
68176,4514
69179,4496
70181,4496
71184,4478
72186,4478
73189,4407
74192,4425
75195,4532
76197,4478
77200,4514
78202,4478
79205,4478
80207,4478
81210,4460
82212,4425
83216,4496
84218,4550
85221,4532
86223,4496
87226,4496
88228,4496
89231,4478
90233,4460
91237,4442
92239,4550
93242,4532
94244,4496
95247,4496
96249,4442
97252,4460
98254,4460
99257,4550
100260,4514
101263,4496
102265,4496
103268,4478
104270,4460
105273,4442
106276,4532
107279,4532
108281,4496
109284,4496
110286,4478
111289,4460
112291,4496
113295,4532
114297,4496
115300,4496
116302,4496
117305,4478
118307,4442
119311,4550
120313,4532
121316,4496
122318,4496
123321,4478
124323,4460
125327,4442
126329,4514
127332,4532
128334,4496
129337,4496
130339,4496
131343,4460
132345,4425
133348,4550
134350,4532
135353,4496
136355,4496
137358,4478
138361,4460
139364,4460
140366,4550
141369,4514
142371,4496
143374,4478
144377,4478
145380,4442
146382,4550
147385,4532
148387,4496
149390,4442
150393,4460
151396,4478
152398,4532
153401,4496
154403,4496
155406,4478
156409,4442
157412,4550
158414,4532
159417,4496
160419,4496
161422,4478
162424,4442
163428,4532
164430,4532
165433,4478
166435,4496
167438,4478
168440,4478
169444,4442
170446,4550
171449,4532
172451,4460
173454,4496
174456,4478
175460,4460
176462,4442
177465,4532
178467,4532
179470,4496
180472,4496
181475,4496
182478,4478
183481,4460
184483,4460
185486,4532
186488,4532
187491,4496
188494,4496
189497,4496
190499,4478
191502,4460
192504,4442
193507,4514
194510,4550
195513,4478
196515,4496
197518,4496
198520,4478
199523,4478
200526,4460
201529,4442
202531,4478
203534,4550
204536,4532
205539,4514
206542,4496
207545,4496
208547,4478
209550,4460
210552,4460
211555,4442
212557,4425
213561,4532
214563,4532
215566,4514
216568,4514
217571,4496
218573,4496
219577,4478
220579,4460
221582,4478
222584,4478
223587,4460
224589,4442
225593,4390
226595,4460
227598,4532
228600,4550
229603,4532
230605,4532
231609,4532
232611,4496
233614,4496
234616,4514
235619,4496
236621,4496
237624,4496
238627,4478
239630,4478
240632,4460
241635,4442
242637,4425
243640,4442
244643,4496
245646,4550
246648,4550
247651,4514
248653,4478
249656,4496
250659,4496
251662,4496
252664,4496
253667,4478
254669,4496
255672,4478
256675,4460
257678,4442
258680,4442
259683,4532
260685,4550
261688,4532
262690,4514
263694,4514
264696,4496
265699,4478
266701,4478
267704,4442
268706,4514
269710,4550
270712,4514
271715,4460
272717,4496
273720,4478
274722,4460
275726,4442
276728,4550
277731,4514
278733,4496
279736,4496
280738,4478
281742,4460
282744,4478
283747,4532
284749,4514
285752,4496
286754,4496
287757,4478
288760,4460
289763,4496
290765,4550
291768,4514
292770,4496
293773,4496
294776,4478
295779,4460
296781,4442
297784,4532
298786,4532
299789,4496
300792,4496
301795,4425
302797,4478
303800,4442
304802,4478
305805,4532
306808,4532
307811,4496
308813,4496
309816,4496
310818,4478
311821,4442
312824,4532
313827,4532
314829,4496
315832,4496
316834,4496
317837,4478
318839,4442
319843,4550
320845,4532
321848,4496
322850,4496
323853,4478
324855,4390
325859,4550
326861,4532
327864,4496
328866,4478
329869,4460
330871,4496
331875,4532
332877,4496
333880,4496
334882,4460
335885,4478
336887,4532
337891,4514
338893,4496
339896,4460
340898,4460
341901,4550
342903,4496
343906,4496
344909,4478
345912,4460
346914,4550
347917,4496
348919,4496
349922,4496
350925,4478
351928,4460
352930,4478
353933,4532
354935,4532
355938,4478
356941,4496
357944,4478
358946,4442
359949,4442
360951,4550
361954,4550
362957,4496
363960,4496
364962,4496
365965,4496
366967,4460
367970,4442
368973,4532
369976,4532
370978,4478
371981,4496
372983,4496
373986,4496
374988,4478
375992,4460
376994,4425
377997,4514
378999,4532
380002,4532
381004,4514
382008,4496
383010,4478
384013,4478
385015,4478
386018,4460
387020,4442
388024,4532
389026,4550
390029,4532
391031,4496
392034,4496
393036,4496
394040,4478
395042,4478
396045,4460
397047,4425
398050,4532
399052,4532
400055,4532
401058,4478
402061,4496
403063,4496
404066,4496
405068,4478
406071,4478
407074,4460
408077,4425
409079,4532
410082,4550
411084,4514
412087,4514
413090,4496
414093,4496
415095,4478
416098,4478
417100,4442
418103,4478
419106,4550
420109,4532
421111,4514
422114,4496
423116,4496
424119,4460
425121,4478
426125,4478
427127,4442
428130,4514
429132,4550
430135,4532
431137,4496
432141,4496
433143,4496
434146,4496
435148,4460
436151,4442
437153,4478
438157,4550
439159,4550
440162,4514
441164,4496
442167,4496
443169,4496
444173,4496
445175,4496
446178,4478
447180,4390
448183,4425
449185,4496
450188,4550
451191,4532
452194,4532
453196,4514
454199,4514
455201,4496
456204,4496
457207,4496
458210,4496
459212,4496
460215,4478
461217,4460
462220,4460
463223,4442
464226,4496
465228,4532
466231,4550
467233,4532
468236,4514
469239,4496
470242,4496
471244,4496
472247,4478
473249,4478
474252,4442
475254,4514
476258,4550
477260,4478
478263,4496
479265,4496
480268,4478
481270,4478
482274,4442
483276,4514
484279,4532
485281,4514
486284,4478
487286,4496
488290,4478
489292,4460
490295,4460
491297,4532
492300,4532
493302,4496
494306,4496
495308,4478
496311,4460
497313,4514
498316,4532
499318,4496
500321,4460
501324,4496
502327,4442
503329,4478
504332,4550
505334,4514
506337,4496
507340,4478
508343,4460
509345,4460
510348,4532
511350,4496
512353,4496
513356,4478
514359,4460
515361,4514
516364,4532
517366,4496
518369,4496
519372,4478
520375,4442
521377,4550
522380,4532
523382,4460
524385,4496
525388,4460
526391,4460
527393,4550
528396,4514
529398,4514
530401,4478
531403,4460
532407,4425
533409,4550
534412,4514
535414,4496
536417,4496
537419,4478
538423,4460
539425,4496
540428,4532
541430,4532
542433,4496
543435,4496
544439,4478
545441,4442
546444,4407
547446,4550
548449,4532
549451,4496
550454,4496
551457,4478
552460,4460
553462,4442
554465,4550
555467,4532
556470,4496
557473,4496
558476,4478
559478,4442
560481,4514
561483,4550
562486,4514
563489,4496
564492,4496
565494,4478
566497,4442
567499,4532
568502,4532
569505,4496
570508,4496
571510,4496
572513,4460
573515,4514
574518,4532
575521,4496
576524,4460
577526,4478
578529,4460
579531,4460
580534,4550
581536,4514
582540,4514
583542,4478
584545,4460
585547,4442
586550,4532
587552,4532
588556,4514
589558,4478
590561,4478
591563,4460
592566,4442
593568,4532
594572,4514
595574,4496
596577,4496
597579,4460
598582,4442
599584,4496
600588,4532
601590,4496
602593,4496
603595,4478
604598,4460
605600,4496
606604,4532
607606,4514
608609,4496
609611,4496
610614,4478
611616,4442
612619,4442
613622,4550
614625,4532
615627,4532
616630,4496
617632,4496
618635,4478
619638,4478
620641,4460
621643,4442
622646,4496
623648,4550
624651,4532
625654,4514
626657,4514
627659,4496
628662,4478
629664,4478
630667,4478
631670,4478
632673,4442
633675,4442
634678,4514
635680,4550
636683,4532
637685,4514
638689,4496
639691,4514
640694,4496
641696,4496
642699,4496
643701,4478
644705,4460
645707,4442
646710,4514
647712,4532
648715,4532
649717,4514
650721,4496
651723,4496
652726,4460
653728,4478
654731,4460
655733,4460
656737,4442
657739,4532
658742,4532
659744,4514
660747,4496
661749,4496
662753,4496
663755,4478
664758,4478
665760,4442
666763,4425
667765,4532
668768,4532
669771,4514
670774,4496
671776,4496
672779,4460
673781,4460
674784,4460
675787,4496
676790,4514
677792,4496
678795,4496
679797,4496
680800,4478
681803,4442
682806,4569
683808,4550
684811,4514
685813,4514
686816,4496
687819,4478
688822,4460
689824,4550
690827,4532
691829,4496
692832,4514
693834,4478
694838,4460
695840,4532
696843,4550
697845,4514
698848,4460
699850,4496
700854,4478
701856,4478
702859,4550
703861,4514
704864,4496
705866,4496
706870,4460
707872,4532
708875,4532
709877,4496
710880,4496
711882,4478
712886,4460
713888,4496
714891,4550
715893,4514
716896,4496
717898,4496
718901,4460
719904,4460
720907,4550
721909,4514
722912,4514
723914,4514
724917,4496
725920,4478
726923,4460
727925,4478
728928,4550
729930,4532
730933,4496
731936,4514
732939,4496
733941,4478
734944,4460
735946,4496
736949,4550
737952,4532
738955,4496
739957,4514
740960,4478
741962,4496
742965,4478
743968,4460
744971,4550
745973,4550
746976,4514
747978,4514
748981,4514
749983,4496
750987,4478
751989,4390
752992,4550
753994,4550
754997,4514
755999,4514
757003,4496
758005,4496
759008,4460
760010,4550
761013,4550
762015,4532
763019,4514
764021,4496
765024,4478
766026,4460
767029,4532
768031,4550
769035,4532
770037,4514
771040,4496
772042,4496
773045,4460
774047,4532
775051,4514
776053,4532
777056,4514
778058,4514
779061,4496
780063,4478
781066,4460
782069,4532
783072,4550
784074,4532
785077,4514
786079,4514
787082,4478
788085,4496
789088,4478
790090,4478
791093,4569
792095,4532
793098,4514
794101,4514
795104,4496
796106,4478
797109,4442
798111,4514
799114,4532
800117,4514
801120,4514
802122,4496
803125,4478
804127,4442
805130,4550
806133,4532
807136,4514
808138,4496
809141,4496
810143,4478
811146,4460
812148,4478
813152,4550
814154,4550
815157,4514
816159,4496
817162,4514
818164,4496
819168,4478
820170,4425
821173,4514
822175,4550
823178,4532
824180,4514
825184,4514
826186,4496
827189,4478
828191,4460
829194,4496
830196,4550
831200,4532
832202,4514
833205,4496
834207,4496
835210,4496
836212,4478
837216,4460
838218,4478
839221,4550
840223,4532
841226,4514
842228,4496
843231,4496
844234,4496
845237,4478
846239,4460
847242,4514
848244,4550
849247,4532
850250,4496
851253,4460
852255,4496
853258,4496
854260,4478
855263,4442
856266,4550
857269,4550
858271,4532
859274,4514
860276,4496
861279,4496
862282,4460
863285,4442
864287,4550
865290,4550
866292,4514
867295,4514
868297,4496
869301,4496
870303,4478
871306,4442
872308,4550
873311,4550
874313,4478
875317,4514
876319,4496
877322,4496
878324,4478
879327,4478
880329,4442
881333,4532
882335,4550
883338,4532
884340,4514
885343,4496
886345,4496
887349,4496
888351,4478
889354,4478
890356,4442
891359,4460
892361,4550
893364,4550
894367,4550
895370,4532
896372,4514
897375,4460
898377,4514
899380,4496
900383,4514
901386,4496
902388,4478
903391,4478
904393,4460
905396,4442
906399,4532
907402,4550
908404,4550
909407,4532
910409,4514
911412,4496
912415,4496
913418,4496
914420,4496
915423,4460
916425,4442
917428,4550
918431,4550
919434,4532
920436,4514
921439,4496
922441,4496
923444,4496
924446,4478
925450,4442
926452,4478
927455,4514
928457,4550
929460,4514
930462,4496
931466,4496
932468,4514
933471,4478
934473,4460
935476,4514
936478,4569
937482,4532
938484,4514
939487,4496
940489,4496
941492,4496
942494,4478
943498,4478
944500,4550
945503,4550
946505,4514
947508,4496
948510,4496
949513,4478
950516,4407
951519,4514
952521,4550
953524,4532
954526,4496
955529,4496
956532,4496
957535,4460
958537,4550
959540,4550
960542,4514
961545,4514
962548,4478
963551,4478
964553,4442
965556,4550
966558,4532
967561,4514
968564,4496
969567,4496
970569,4460
971572,4425
972574,4550
973577,4496
974580,4514
975583,4496
976585,4496
977588,4496
978590,4478
979593,4460
980595,4460
981599,4550
982601,4550
983604,4532
984606,4514
985609,4514
986611,4514
987615,4496
988617,4478
989620,4460
990622,4460
991625,4460
992627,4550
993631,4550
994633,4550
995636,4532
996638,4460
997641,4514
998643,4496
999647,4496
1000649,4496
1001652,4478
1002654,4460
1003657,4478
1004660,4550
1005663,4550
1006665,4514
1007668,4514
1008670,4514
1009674,4514
1010676,4496
1011679,4478
1012681,4442
1013684,4550
1014687,4532
1015690,4496
1016692,4514
1017695,4496
1018697,4460
1019701,4478
1020703,4550
1021706,4532
1022708,4514
1023711,4514
1024714,4478
1025717,4460
1026719,4514
1027722,4532
1028724,4496
1029728,4514
1030730,4496
1031733,4460
1032735,4514
1033738,4550
1034741,4514
1035744,4514
1036746,4496
1037749,4478
1038752,4460
1039755,4569
1040757,4532
1041760,4514
1042762,4514
1043766,4478
1044768,4460
1045771,4532
1046773,4532
1047776,4514
1048779,4496
1049782,4425
1050784,4460
1051787,4550
1052789,4532
1053793,4496
1054795,4496
1055798,4478
1056800,4478
1057803,4550
1058806,4496
1059809,4514
1060811,4496
1061814,4460
1062816,4532
1063820,4550
1064822,4496
1065825,4514
1066827,4478
1067830,4478
1068833,4496
1069836,4550
1070838,4514
1071841,4514
1072844,4460
1073847,4478
1074849,4442
1075852,4550
1076854,4550
1077858,4514
1078860,4496
1079863,4496
1080865,4460
1081868,4496
1082871,4550
1083874,4514
1084876,4514
1085879,4496
1086881,4478
1087885,4442
1088887,4550
1089890,4532
1090892,4514
1091895,4496
1092898,4496
1093901,4496
1094903,4460
1095906,4496
1096908,4550
1097912,4532
1098914,4514
1099917,4514
1100919,4478
1101922,4496
1102925,4442
1103928,4478
1104930,4460
1105933,4514
1106935,4550
1107939,4532
1108941,4514
1109944,4514
1110946,4514
1111950,4496
1112952,4496
1113955,4478
1114957,4460
1115960,4532
1116963,4550
1117966,4532
1118968,4514
1119971,4514
1120973,4496
1121977,4496
1122979,4478
1123982,4460
1124984,4478
1125987,4514
1126990,4550
1127993,4514
1128995,4496
1129998,4496
1131000,4496
1132004,4496
1133006,4478
1134009,4442
1135011,4550
1136014,4550
1137017,4514
1138020,4496
1139022,4514
1140025,4496
1141027,4496
1142031,4478
1143033,4460
1144036,4514
1145038,4550
1146042,4532
1147044,4514
1148047,4496
1149049,4460
1150052,4496
1151055,4460
1152058,4442
1153060,4569
1154063,4550
1155065,4514
1156069,4514
1157071,4496
1158074,4478
1159076,4442
1160079,4550
1161082,4532
1162085,4514
1163087,4496
1164090,4478
1165092,4442
1166096,4550
1167098,4532
1168101,4514
1169103,4514
1170106,4478
1171109,4442
1172112,4550
1173114,4532
1174117,4514
1175119,4514
1176123,4478
1177125,4460
1178128,4550
1179130,4496
1180134,4514
1181136,4514
1182139,4496
1183141,4460
1184144,4532
1185147,4550
1186150,4514
1187152,4514
1188155,4496
1189157,4478
1190161,4460
1191163,4532
1192166,4550
1193168,4514
1194171,4496
1195174,4496
1196177,4478
1197179,4460
1198182,4550
1199184,4550
1200188,4514
1201190,4496
1202193,4460
1203195,4478
1204198,4460
1205201,4478
1206204,4550
1207206,4532
1208209,4496
1209212,4514
1210215,4496
1211217,4478
1212220,4478
1213222,4442
1214226,4569
1215228,4550
1216231,4532
1217233,4514
1218236,4496
1219239,4496
1220242,4478
1221244,4460
1222247,4442
1223249,4550
1224253,4550
1225255,4478
1226258,4514
1227260,4496
1228263,4478
1229266,4478
1230269,4460
1231271,4514
1232274,4550
1233277,4532
1234280,4514
1235282,4496
1236285,4514
1237287,4478
1238291,4478
1239293,4442
1240296,4550
1241298,4550
1242301,4532
1243304,4514
1244307,4514
1245309,4496
1246312,4496
1247314,4478
1248318,4460
1249320,4478
1250323,4550
1251325,4532
1252328,4514
1253331,4496
1254334,4514
1255336,4442
1256339,4478
1257341,4460
1258345,4442
1259347,4550
1260350,4550
1261352,4532
1262355,4514
1263358,4496
1264361,4496
1265363,4478
1266366,4478
1267369,4442
1268372,4496
1269374,4550
1270377,4550
1271379,4532
1272383,4496
1273385,4496
1274388,4496
1275390,4496
1276393,4478
1277396,4460
1278399,4460
1279401,4569
1280404,4532
1281406,4532
1282410,4496
1283412,4514
1284415,4496
1285417,4478
1286420,4478
1287424,4442
1288426,4550
1289428,4550
1290431,4532
1291433,4496
1292437,4496
1293440,4496
1294442,4478
1295444,4460
1296447,4442
1297451,4550
1298453,4550
1299456,4532
1300458,4496
1301462,4460
1302464,4496
1303467,4496
1304469,4478
1305472,4460
1306475,4442
1307478,4514
1308480,4550
1309483,4532
1310485,4532
1311489,4514
1312491,4496
1313494,4496
1314496,4496
1315499,4496
1316502,4425
1317505,4478
1318507,4460
1319510,4442
1320512,4532
1321516,4550
1322518,4532
1323521,4532
1324523,4514
1325526,4496
1326529,4514
1327532,4514
1328534,4496
1329537,4478
1330539,4460
1331543,4442
1332545,4569
1333548,4550
1334550,4532
1335553,4496
1336556,4496
1337559,4496
1338561,4478
1339564,4478
